key: 520932930 rec:691 415 872 761 841 610 337 598 441 94 780 926 396 810 788 159 805 984 14 826 213 83 154 187 
key: 1163120341 rec:546 337 653 219 860 451 654 478 594 376 691 956 460 294 762 880 7 937 766 490 407 412 458 926 
key: 496586426 rec:540 714 236 745 414 999 845 87 220 846 318 297 775 12 128 803 871 896 311 3 129 112 552 831 
key: 2055540383 rec:792 322 268 65 753 673 476 794 991 76 991 979 661 343 818 363 574 203 329 450 536 259 269 295 
key: 425011022 rec:832 655 876 909 104 635 408 727 333 644 657 729 614 308 466 326 599 27 61 975 86 834 690 499 
key: 1970553982 rec:440 654 514 735 413 392 323 759 47 462 465 30 207 374 295 171 237 801 541 645 643 117 842 841 
key: 1134357775 rec:6 911 91 29 24 215 978 7 452 484 739 875 653 676 138 621 691 416 972 183 558 620 77 138 
key: 420849823 rec:590 789 277 112 331 558 166 129 145 174 813 459 70 664 908 865 68 307 344 355 363 509 902 213 
key: 212586538 rec:205 148 481 583 466 911 28 511 237 920 154 354 934 41 725 504 298 292 685 183 655 371 707 835 
key: 1768329497 rec:246 703 468 647 270 595 214 925 194 727 35 728 320 220 997 19 475 250 492 464 930 78 183 223 
key: 1870627783 rec:801 40 883 901 378 337 950 74 46 294 440 883 875 36 928 843 493 480 424 134 535 275 210 952 
key: 945012262 rec:222 404 908 690 576 859 395 829 675 949 525 750 577 8 294 267 815 638 403 446 231 80 355 422 
key: 491801431 rec:514 935 97 821 47 905 441 985 45 538 750 510 990 491 721 282 68 433 885 896 840 945 494 314 
key: 1324861071 rec:201 461 11 230 946 518 364 893 672 882 709 805 146 761 444 958 140 290 197 786 508 142 764 917 
key: 1726421676 rec:915 188 666 545 498 277 29 514 715 759 987 639 97 512 937 963 984 999 610 823 583 85 110 528 
key: 617442493 rec:547 464 38 634 733 961 977 673 537 720 654 212 398 76 796 650 455 408 715 377 119 532 255 285 
key: 793863162 rec:923 750 16 975 559 160 539 806 902 579 643 349 985 776 260 396 490 116 760 414 541 999 438 155 
key: 598811939 rec:931 952 811 284 116 430 397 283 38 296 726 507 398 214 938 364 245 576 517 605 22 438 236 216 
key: 908469948 rec:866 883 835 717 112 376 572 826 614 450 656 312 948 35 340 415 234 302 708 68 977 822 872 165 
key: 42187303 rec:11 519 469 210 26 257 637 297 768 543 374 570 734 638 967 975 727 932 536 665 80 271 435 489 
key: 2144161474 rec:858 747 415 418 525 331 165 735 748 507 347 479 201 919 272 113 154 908 458 238 348 729 244 423 
key: 435635231 rec:794 901 410 66 664 87 740 429 651 494 288 178 992 339 160 491 85 552 885 421 87 356 954 968 
key: 1742154484 rec:390 407 932 671 463 632 413 82 219 63 599 893 187 149 439 250 792 273 695 767 538 276 703 171 
key: 1099184066 rec:768 154 308 776 454 96 180 435 23 355 356 137 523 661 623 434 506 333 109 858 288 720 367 419 
key: 480585499 rec:326 260 307 848 494 705 336 36 283 194 121 863 443 420 271 540 506 279 513 118 62 449 240 654 
key: 670747001 rec:704 577 132 258 108 873 899 494 454 677 844 634 581 109 530 551 235 584 481 802 448 330 257 421 
key: 330971672 rec:574 521 524 129 599 95 123 486 307 558 699 945 741 541 222 590 593 881 287 375 559 704 600 570 
key: 1165360630 rec:770 397 972 58 839 855 599 682 801 276 566 620 507 988 462 993 367 809 112 696 344 110 93 737 
key: 1306124540 rec:146 209 929 96 986 878 591 818 285 644 922 10 870 473 189 233 620 177 870 438 248 889 498 894 
key: 1350209420 rec:91 260 979 344 326 755 779 615 978 436 101 234 654 557 799 330 0 719 119 394 995 685 63 947 
key: 980935818 rec:107 513 86 970 885 20 389 952 789 182 92 389 319 769 862 330 396 700 305 848 439 298 214 278 
key: 1944639810 rec:977 197 200 645 87 70 689 142 679 585 71 165 596 626 389 729 800 737 714 548 68 158 668 514 
key: 401326413 rec:711 401 818 190 182 48 863 987 116 108 809 822 569 799 429 73 873 282 851 671 383 34 516 61 
key: 2076980346 rec:237 354 517 745 373 990 503 710 610 536 21 478 508 214 547 208 29 527 450 341 377 499 897 458 
key: 47760113 rec:860 564 884 600 209 531 640 429 668 531 726 197 890 697 80 812 961 475 742 532 720 823 740 197 
key: 660454458 rec:910 496 193 336 381 786 730 608 401 139 88 444 87 548 221 836 272 135 695 605 390 349 619 196 
key: 103905815 rec:694 908 953 765 692 276 137 393 883 366 135 968 223 9 227 235 524 893 195 621 605 69 429 941 
key: 825297380 rec:687 843 216 496 365 386 414 656 419 514 627 110 579 976 751 33 544 96 196 779 380 380 60 413 
key: 1673903701 rec:7 819 558 267 580 648 765 664 774 650 178 76 596 641 571 845 488 795 68 216 304 21 255 533 
key: 1473092377 rec:623 362 841 655 278 668 33 973 992 880 938 399 232 770 330 179 752 900 896 594 549 104 999 360 
key: 167444708 rec:786 310 220 425 502 197 468 936 48 759 249 86 733 84 847 506 952 192 833 730 925 620 385 607 
key: 1933757431 rec:119 94 781 898 42 641 692 988 429 128 816 72 488 577 799 598 61 871 679 341 158 594 106 872 
key: 831326096 rec:90 539 974 687 651 317 425 50 245 452 492 392 713 73 108 617 333 143 548 440 793 405 573 786 
key: 1397907561 rec:547 493 682 49 927 398 656 918 896 647 749 334 232 304 26 648 141 225 101 289 383 560 155 560 
key: 235779342 rec:279 387 91 814 384 380 292 704 493 553 531 880 350 681 151 165 314 87 897 658 130 552 803 206 
key: 1430862736 rec:846 471 522 134 938 812 348 986 617 426 183 883 956 144 565 459 651 135 191 730 427 530 514 76 
key: 141109376 rec:144 519 683 457 236 754 452 256 171 227 954 600 345 936 873 167 862 62 519 410 233 548 62 521 
key: 1957485153 rec:431 348 416 193 111 284 593 546 903 975 886 353 707 155 679 798 793 542 899 147 747 468 126 293 
key: 280693805 rec:823 671 161 940 89 871 516 150 91 10 121 646 932 291 732 301 557 894 341 613 193 330 927 665 
key: 347612612 rec:44 870 143 906 490 286 181 97 817 322 54 373 106 157 158 687 594 206 675 556 106 596 185 464 
key: 2142336266 rec:60 303 870 311 2 717 315 754 243 858 64 333 60 530 589 500 727 273 749 589 677 18 7 47 
key: 1342106608 rec:215 494 319 380 877 586 922 990 19 808 736 505 82 857 285 361 935 690 54 120 29 587 804 807 
key: 477532255 rec:946 703 904 333 770 482 33 937 597 913 883 138 975 551 900 496 119 491 220 432 619 161 227 296 
key: 710595799 rec:826 198 678 910 550 709 874 17 193 776 205 958 960 546 2 293 269 665 310 977 84 843 275 635 
key: 1392181301 rec:842 446 773 419 435 924 899 970 985 172 53 945 940 327 751 915 993 739 787 301 154 53 13 274 
key: 1055165426 rec:856 552 781 941 37 411 500 62 791 365 36 831 351 27 866 768 927 781 954 866 476 807 904 142 
key: 1053499151 rec:342 243 468 330 126 620 583 484 31 775 329 133 250 559 848 112 395 375 726 132 760 76 788 828 
key: 1621546860 rec:590 651 41 273 920 13 137 430 189 230 317 311 311 961 558 385 348 997 132 780 290 995 165 748 
key: 730445792 rec:892 927 800 610 418 472 821 251 969 204 214 239 84 620 282 157 763 139 124 447 145 509 558 310 
key: 1077418052 rec:460 959 138 859 127 884 742 956 126 515 413 555 176 279 414 306 737 800 559 473 281 689 519 639 
key: 1800974266 rec:197 597 638 680 32 579 183 953 303 350 356 97 884 965 426 646 439 869 600 389 686 247 875 361 
key: 1175059242 rec:482 887 667 64 358 119 131 903 573 903 460 754 741 945 418 497 92 290 639 668 782 464 369 700 
key: 2075544592 rec:523 440 836 936 334 939 942 599 709 833 166 906 654 685 775 739 906 152 120 836 244 365 333 146 
key: 1126408409 rec:758 151 221 967 458 452 699 627 106 742 252 542 837 726 838 183 820 414 949 582 263 95 760 536 
key: 1903183540 rec:715 669 103 813 308 87 27 835 934 162 473 317 537 743 939 837 960 193 915 718 822 173 16 393 
key: 233857394 rec:948 758 285 824 41 240 379 81 573 278 348 737 518 427 372 200 323 7 112 631 628 814 672 767 
key: 1940075839 rec:672 163 284 829 555 939 835 997 429 563 402 444 11 386 71 108 865 576 80 998 773 329 813 862 
key: 80403660 rec:657 347 29 877 355 527 367 551 881 277 810 781 935 292 803 382 518 726 813 0 180 307 521 767 
key: 2078138242 rec:486 829 861 670 470 498 896 813 180 581 29 108 703 436 658 210 87 353 558 481 183 759 983 327 
key: 601493742 rec:365 826 982 188 187 564 474 410 427 309 427 471 679 688 168 129 996 648 522 115 779 662 770 478 
key: 705460937 rec:72 476 815 649 732 520 795 953 385 411 382 485 627 723 354 593 968 530 772 655 149 666 275 262 
key: 937493231 rec:378 977 385 80 164 347 841 646 259 618 793 311 263 709 757 978 949 340 721 557 68 496 874 262 
key: 318053756 rec:709 955 18 589 940 855 12 737 657 862 68 524 49 269 741 276 658 385 851 344 714 684 253 505 
key: 1565713981 rec:976 478 14 317 866 859 453 552 750 984 732 540 832 910 284 737 256 570 172 597 574 650 821 101 
key: 1564589850 rec:435 514 251 673 336 160 137 585 683 651 321 49 138 769 393 288 392 562 955 358 804 745 231 185 
key: 635171184 rec:251 52 63 563 908 493 648 217 38 985 164 496 954 152 978 746 212 234 476 447 932 404 279 385 
key: 1515970265 rec:847 360 945 956 820 175 527 242 251 746 938 300 895 853 452 221 332 198 525 112 314 315 66 432 
key: 512190685 rec:619 2 476 455 898 135 982 382 978 547 823 156 297 506 598 467 81 832 572 983 286 270 215 10 
key: 588208647 rec:988 495 383 195 845 142 618 954 888 102 694 708 677 916 977 43 32 730 33 210 621 734 85 802 
key: 1722807713 rec:890 732 30 506 355 911 803 624 810 407 681 441 767 540 32 673 406 159 240 22 807 222 76 598 
key: 973660565 rec:815 106 957 508 947 205 271 529 561 974 297 239 344 230 860 912 619 145 347 230 232 456 75 724 
key: 1496517596 rec:308 146 488 344 665 187 759 170 580 409 511 560 718 195 33 415 178 747 891 904 6 868 441 430 
key: 1715162680 rec:79 185 937 357 546 232 930 771 219 436 403 528 310 489 713 99 88 993 95 943 826 445 341 463 
key: 1400053263 rec:62 364 887 443 267 155 776 547 346 281 622 253 28 34 589 141 406 837 116 232 489 175 977 741 
key: 212797028 rec:341 22 842 976 292 608 994 666 212 962 326 400 244 402 17 62 838 715 150 773 706 508 939 756 
key: 1057046727 rec:705 587 667 226 102 867 509 937 847 741 975 683 931 142 987 496 156 709 754 828 527 854 139 542 
key: 231615646 rec:958 631 100 806 911 381 381 405 533 808 833 764 807 805 105 694 636 994 879 276 637 839 379 519 
key: 2080813730 rec:715 925 874 663 746 753 419 59 454 853 164 904 813 726 22 745 819 493 350 245 281 787 375 259 
key: 1377922899 rec:245 141 855 749 198 756 165 336 193 23 342 24 142 564 196 375 685 342 525 685 249 569 650 599 
key: 1733853542 rec:251 385 858 351 493 904 170 405 353 842 35 778 88 292 639 894 42 149 432 154 81 145 292 777 
key: 496960900 rec:117 461 600 446 205 162 502 860 509 266 561 831 758 211 26 952 653 141 858 34 65 405 886 921 
key: 982134227 rec:347 862 268 542 224 527 319 675 771 995 28 196 655 443 902 398 922 639 129 221 973 421 950 670 
key: 1981334912 rec:602 171 588 950 591 504 548 228 228 706 342 703 154 241 403 941 89 653 422 18 544 231 960 614 
key: 1166335073 rec:95 832 93 489 132 490 817 431 98 528 939 841 447 811 591 8 816 609 33 761 621 990 352 562 
key: 24694946 rec:551 808 154 488 54 617 316 619 522 784 979 617 764 600 598 539 283 52 724 697 567 569 52 56 
key: 1434727645 rec:999 658 17 529 549 781 363 838 531 466 96 309 102 476 20 465 890 605 449 58 239 993 368 145 
key: 206883790 rec:37 418 346 601 165 298 864 685 312 334 739 281 460 557 515 569 914 947 746 455 610 283 270 514 
key: 603289589 rec:836 95 869 259 1 549 447 790 144 630 90 802 714 620 334 950 511 336 270 246 640 472 629 923 
key: 1289188115 rec:222 44 948 217 20 20 640 342 901 651 560 764 324 592 217 974 182 565 300 334 313 389 46 565 
key: 1181456594 rec:196 917 532 218 265 790 852 720 863 151 834 651 159 739 431 240 583 442 604 834 603 983 460 101 
